24 19 37 45
19 12 38 26 22 1 24
19 41
19 16 29 12 35
19 0 30
19 16
x
12 38 26 22
19 18 27 14 15 28
3
19 29
19 34
19 4 6 5 40
19
19 37 12 1 24
19 10 0 30 20 46 24 37 45
2 19 43 42
19 34
19 40
19 40
19 4 6 5 40
37
12
19 34
19 4 6 5 40
19 7
19 29
19 29 36 21 32 13
2 19 8 44
19 34
12 1
19 29
24 19 11 17 33
37 19 0 30
19 29 12 1 38 26 22
2 19 43 42
19 34
12 1 24
12 35 1
19 29 12 1 38 26 22
3
37 24 19 11 17 33 2 8 44
19 41
19 34
2 19 8 44
2 19 43 42
19 34
12 1
x
19 39 10
19 34
x
19 31 23
37
2 12 9 25
19 34 0 30
12 35
19 18 27 14 15 28
x
2 19 8 44
2 19 8 44
19 31 23
2 12 9 25
19 7
x
x
19 18 27 14 15 28
19 20 12 38 26 22
19 0 30
19 18 27 14 15 28
19 2 43 42 18 27 14 15 28
19 20
2 19 43 42
2 12 9 25
24 19 11 17 33 2 12 9 25
12 35
19 18 27 14 15 28
12 38 26 22
19 10 37 12 1 24
2 19 8 44
x
19 34
19 41
19 34
19 29 20 46 36 21 32 13
19 36 21 32 13
19 20
2 12 9 25
37
19 12 1 24
37 24 19 11 17 33 2 8 44
12 1
12 38 26 22
12 38 26 22
19 34 16 29 12 38 26 22 1 24
19 36 21 32 13 12 1 24
19 10
19 7
19 39 31 23 10 29 0 30 37 20 46 24 45 36 21 32 13 12 1
19 29
19 41 24 11 17 33
19 29
19 18 27 14 15 28
2 19 43 42