99 16 34 56 5 69
92 35 40 39 31 2 95 38 79 99 90 15 96 48
91 42 29 45 80 60 61 71 73 17 46 36 104 75 88 74 55 63
10 41
25 21 13
25 21 13
25 21 13
26 64 98
91 42 29 45 80 60 61
75 88 74 55 63
99 50 79 16 97
75 91 42 101 33
39 4 57 76 92 35 40 31 2 95 68 8 94 93 78 38 79 99 90 15 96 23 48 75 88 74 55 63
99 96 85 28 86
77 71 67 58 103 9 70
77 71 67 58 103 9 70
95 4 6
75 91 42 101 33
77 71 67 58 103 9 70
101 83 43 3 75 91 42 33 99 50 53 62 29 45 80 60 61 25 21 13 95 56 24 12 82 37 47 18 30 51 84 44 68 72 14 26 64 98 2 90 71 4 6 79 16 97 35 40 85 28 27 102 11 100 32 34 5 69 19 20 15 87 73 17 46 36 104 77 67 58 1 103 9 70 96 86
68 72 87 99 85 16
99 96 85 28 86
2 95 68 35 40 8 94 93 78
99 53 62
75 91 42 101 33 99 16 1 2 95 38 79 90 15 96
75 88 74 55 63
2 95 68 35 40 8 94 93 78
77 71 67 58 103 9 70
77 71 67 58 103 9 70
95 99 35 40 4 85 28 27 102 11 100 32
99 16 34 56 5 69
99 53 62
99 96 85 28 86
75 91 42 101 33
95 56 24 12 82 37 47 18 30 51 84 44
39 4 57 76
99 96 85 28 86
34 91 42 22 54 89 79 99 15 16 1
2 95 68 35 40 8 94 93 78
99 50
25 21 19 13 20
101 83 43 3
71 73 17 46 36 104
71 73 17 46 36 104
91 42 29 45 80 60 61
99 16 1
99 85 16