16 85 99
 19 20 46
68 99
 12 19 20
79 16 99
 10 19 24
40 99 35 95
 1 19 29
9 71 77 67 58 70 103
 14 15 18 19 27 28
50 99
 10 19 39
13 21 25
 4 5 6 19 40
33 91 42 75 101
 11 17 19 24 33
90 75 15 95 99
 12 19 24
90 35 15 95 99 2
 1 12 19
90 79 15 95 99
 1 19 24
4 95
 12 16 29
38 99 95 15 90
 1 12 24
39
 1 12 35
96 99 85 28
 13 21 32 36
17 71 104 36 73
 2 42 43
60 91 42 29 80 45
 2 8 19 44
1 16 99
 19 24 45
1 15 99 91 42 79
 19 24 37
5 99 16 56
 0 19 30
74 75 88 63 55
 9 12 25
34 99
 0 30 37
53 99 62
 19 23 31
93 95 2 35 68 40 94 78 8
 22 26 38