25 63 97
94 98 34 39 3 84 27 26 101 10 99 31 67 71 86 15 95 85 1
37 22
78 98 15 49 96
37 22 91 1 47
74 90 41 100 32
90 41 28 44 79 59 60
1 89 70 13
90 41 28 44 79 59 60
91 78 98 3 76 70 15 66 57 1 94
90 41 28 44 79 59 60
25 63 97
98 52 61
91 78 98 3 76 70 15 1 94 37 89 14 95
98 15 33 55 4 68 78 14 1 94 37 89 95
1 89 70 13
76 70 66 71 67 13 86
91 78 98 3 76 70 15 1 47
33 90 41 21 53 88 74 100 32
9 40
38 3 56 75
70 72 16 45 35 103
94 55 23 11 81 36 46 17 29 50 83 43
74 94 24 20 18 58 64 65 51 6 48 80
1 89 70 13 76 66 57 102 8 69
24 20 18 12 19 74 94 58 64 65 51 6 48 80
74 94 24 20 18 58 64 65 51 6 48 80
1 94
91 78 98 3 76 70 15 33 55 4 68 84 0
74 87 73 54 62
70 72 16 45 35 103
74 87 73 54 62
33 90 41 21 53 88
74 87 73 54 62
x
91 34 39 38 30
38 3 56 75
1 94
x
76 70 66 57 102 8 69
76 70 66 57 102 8 69
38 3 56 75 91 34 39 30
90 41 28 44 79 59 60
74 94 24 20 18 58 64 65 51 6 48 80
24 20 12
98 15 33 55 4 68 0
1 94 37 78 98 89 14 95
38 3 56 75
38 3 56 75