23 59 86
2 3 8 13 24 25 29 32 37 63 67 76 77 78 83 84 87 88 90
20 35 
13 45 72 85 87
2 20 35 43 82
30 38 69 89
26 38 40 55 56
2 11 66 81
26 38 40 55 56
2 3 13 53 62 66 71 72 82 83 87
26 38 40 55 56
23 59 86
48 57 87
2 3 12 13 35 66 71 72 81 82 83 84 87
2 4 12 13 31 35 51 64 72 81 83 84 87
2 11 66 81
11 62 63 66 67 71 78
2 3 13 43 66 71 72 82 87
19 30 31 38 49 69 80 89
7
3 36 52 70
14 33 41 66 68 92
9 15 21 27 34 39 42 46 51 74 75 83
5 16 18 22 44 47 54 60 61 69 73 83
2 6 11 53 62 65 66 71 81 91
5 10 16 17 18 22 44 47 54 60 61 69 73 83
5 16 18 22 44 47 54 60 61 69 73 83
2 83
1 3 4 13 31 51 64 66 71 72 76 82 87
50 58 69 79
14 33 41 66 68 92
50 58 69 79
19 31 38 49 80
50 58 69 79
28 32 36 37 82
3 36 52 70
2 83
6 53 62 65 66 71 91
6 53 62 65 66 71 91
3 28 32 36 37 52 70 82
26 38 40 55 56
5 16 18 22 44 47 54 60 61 69 73 83
10 18 22
1 4 13 31 51 64 87
2 12 35 72 81 83 84 87
3 36 52 70
3 36 52 70